3.7571e-04
3.6058e-04
3.5755e-04
3.5744e-04
3.5674e-04
3.5448e-04
3.5399e-04
3.5366e-04
3.5362e-04
3.5310e-04
3.5263e-04
3.5254e-04
3.5199e-04
3.5174e-04
3.5159e-04
3.5152e-04
3.5144e-04
3.5135e-04
3.5120e-04
3.5113e-04
3.5094e-04
3.5094e-04
3.5033e-04
3.5028e-04
3.4965e-04
3.4940e-04
3.4920e-04
3.4902e-04
3.4883e-04
3.4856e-04
3.4816e-04
3.4816e-04
3.4798e-04
3.4787e-04
3.4763e-04
3.4759e-04
3.4752e-04
3.4731e-04
3.4724e-04
3.4680e-04
3.4672e-04
3.4620e-04
3.4611e-04
3.4605e-04
3.4601e-04
3.4600e-04
3.4598e-04
3.4548e-04
3.4541e-04
3.4535e-04
3.4524e-04
3.4523e-04
3.4497e-04
3.4485e-04
3.4475e-04
3.4474e-04
3.4461e-04
3.4457e-04
3.4453e-04
3.4439e-04
3.4433e-04
3.4424e-04
3.4419e-04
3.4410e-04
3.4407e-04
3.4399e-04
3.4372e-04
3.4371e-04
3.4369e-04
3.4368e-04
3.4366e-04
3.4362e-04
3.4358e-04
3.4358e-04
3.4356e-04
3.4355e-04
3.4351e-04
3.4350e-04
3.4332e-04
3.4328e-04
3.4323e-04
3.4308e-04
3.4307e-04
3.4305e-04
3.4303e-04
3.4300e-04
3.4299e-04
3.4292e-04
3.4249e-04
3.4243e-04
3.4231e-04
3.4225e-04
3.4222e-04
3.4214e-04
3.4212e-04
3.4211e-04
3.4204e-04
3.4203e-04
3.4203e-04
3.4199e-04
3.4198e-04
3.4197e-04
3.4192e-04
3.4189e-04
3.4183e-04
3.4176e-04
3.4173e-04
3.4151e-04
3.4150e-04
3.4144e-04
3.4133e-04
3.4133e-04
3.4118e-04
3.4109e-04
3.4106e-04
3.4100e-04
3.4094e-04
3.4093e-04
3.4085e-04
3.4085e-04
3.4085e-04
3.4083e-04
3.4080e-04
3.4069e-04
3.4068e-04
3.4067e-04
3.4067e-04
3.4064e-04
3.4055e-04
3.4054e-04
3.4052e-04
3.4051e-04
3.4049e-04
3.4046e-04
3.4039e-04
3.4037e-04
3.4037e-04
3.4032e-04
3.4032e-04
3.4019e-04
3.4013e-04
3.4013e-04
3.4012e-04
3.4008e-04
3.4002e-04
3.4001e-04
3.3991e-04
3.3987e-04
3.3979e-04
3.3976e-04
3.3970e-04
3.3966e-04
3.3965e-04
3.3962e-04
3.3962e-04
3.3956e-04
3.3943e-04
3.3937e-04
3.3936e-04
3.3933e-04
3.3931e-04
3.3929e-04
3.3928e-04
3.3927e-04
3.3922e-04
3.3917e-04
3.3913e-04
3.3912e-04
3.3910e-04
3.3910e-04
3.3907e-04
3.3894e-04
3.3893e-04
3.3891e-04
3.3889e-04
3.3888e-04
3.3884e-04
3.3884e-04
3.3883e-04
3.3878e-04
3.3875e-04
3.3869e-04
3.3865e-04
3.3860e-04
3.3860e-04
3.3858e-04
3.3857e-04
3.3850e-04
3.3850e-04
3.3844e-04
3.3839e-04
3.3837e-04
3.3832e-04
3.3830e-04
3.3830e-04
3.3826e-04
3.3824e-04
3.3819e-04
3.3817e-04
3.3813e-04
3.3806e-04
3.3806e-04
3.3805e-04
3.3800e-04
3.3795e-04
3.3795e-04
3.3794e-04
3.3793e-04
3.3790e-04
3.3786e-04
3.3783e-04
3.3781e-04
3.3781e-04
3.3774e-04
3.3773e-04
3.3772e-04
3.3769e-04
3.3769e-04
3.3768e-04
3.3765e-04
3.3763e-04
3.3761e-04
3.3761e-04
3.3757e-04
3.3754e-04
3.3753e-04
3.3748e-04
3.3741e-04
3.3740e-04
3.3738e-04
3.3735e-04
3.3732e-04
3.3729e-04
3.3727e-04
3.3723e-04
3.3723e-04
3.3722e-04
3.3721e-04
3.3721e-04
3.3721e-04
3.3716e-04
3.3715e-04
3.3712e-04
3.3709e-04
3.3708e-04
3.3704e-04
3.3702e-04
3.3700e-04
3.3693e-04
3.3692e-04
3.3688e-04
3.3680e-04
3.3680e-04
3.3672e-04
3.3666e-04
3.3666e-04
3.3666e-04
3.3664e-04
3.3660e-04
3.3660e-04
3.3655e-04
3.3651e-04
3.3645e-04
3.3644e-04
3.3644e-04
3.3642e-04
3.3636e-04
3.3634e-04
3.3634e-04
3.3633e-04
3.3633e-04
3.3632e-04
3.3631e-04
3.3626e-04
3.3625e-04
3.3621e-04
3.3620e-04
3.3620e-04
3.3613e-04
3.3612e-04
3.3611e-04
3.3609e-04
3.3608e-04
3.3608e-04
3.3605e-04
3.3602e-04
3.3594e-04
3.3591e-04
3.3590e-04
3.3589e-04
3.3586e-04
3.3586e-04
3.3583e-04
3.3575e-04
3.3571e-04
3.3567e-04
3.3566e-04
3.3556e-04
3.3555e-04
3.3554e-04
3.3550e-04
3.3546e-04
3.3546e-04
3.3545e-04
3.3545e-04
3.3542e-04
3.3540e-04
3.3535e-04
3.3531e-04
3.3527e-04
3.3524e-04
3.3520e-04
3.3519e-04
3.3515e-04
3.3515e-04
3.3511e-04
3.3509e-04
3.3508e-04
3.3508e-04
3.3506e-04
3.3505e-04
3.3503e-04
3.3503e-04
3.3502e-04
3.3499e-04
3.3498e-04
3.3497e-04
3.3497e-04
3.3496e-04
3.3495e-04
3.3495e-04
3.3495e-04
3.3494e-04
3.3491e-04
3.3490e-04
3.3484e-04
3.3484e-04
3.3482e-04
3.3481e-04
3.3476e-04
3.3475e-04
3.3467e-04
3.3466e-04
3.3466e-04
3.3463e-04
3.3463e-04
3.3457e-04
3.3457e-04
3.3454e-04
3.3447e-04
3.3445e-04
3.3444e-04
3.3444e-04
3.3442e-04
3.3440e-04
3.3439e-04
3.3436e-04
3.3433e-04
3.3432e-04
3.3428e-04
3.3425e-04
3.3425e-04
3.3424e-04
3.3423e-04
3.3420e-04
3.3419e-04
3.3418e-04
3.3414e-04
3.3413e-04
3.3412e-04
3.3411e-04
3.3411e-04
3.3410e-04
3.3410e-04
3.3410e-04
3.3409e-04
3.3406e-04
3.3405e-04
3.3403e-04
3.3402e-04
3.3400e-04
3.3399e-04
3.3396e-04
3.3393e-04
3.3390e-04
3.3389e-04
3.3387e-04
3.3387e-04
3.3386e-04
3.3385e-04
3.3381e-04
3.3375e-04
3.3374e-04
3.3374e-04
3.3373e-04
3.3370e-04
3.3370e-04
3.3368e-04
3.3366e-04
3.3366e-04
3.3363e-04
3.3362e-04
3.3359e-04
3.3359e-04
3.3359e-04
3.3358e-04
3.3356e-04
3.3351e-04
3.3347e-04
3.3345e-04
3.3343e-04
3.3341e-04
3.3340e-04
3.3340e-04
3.3337e-04
3.3333e-04
3.3332e-04
3.3331e-04
3.3330e-04
3.3328e-04
3.3325e-04
3.3323e-04
3.3321e-04
3.3315e-04
3.3315e-04
3.3313e-04
3.3310e-04
3.3309e-04
3.3308e-04
3.3308e-04
3.3307e-04
3.3304e-04
3.3303e-04
3.3299e-04
3.3295e-04
3.3291e-04
3.3290e-04
3.3290e-04
3.3290e-04
3.3286e-04
3.3279e-04
3.3278e-04
3.3278e-04
3.3278e-04
3.3276e-04
3.3276e-04
3.3273e-04
3.3273e-04
3.3272e-04
3.3271e-04
3.3270e-04
3.3268e-04
3.3266e-04
3.3265e-04
3.3265e-04
3.3265e-04
3.3261e-04
3.3259e-04
3.3257e-04
3.3254e-04
3.3251e-04
3.3250e-04
3.3248e-04
3.3248e-04
3.3247e-04
3.3246e-04
3.3243e-04
3.3240e-04
3.3239e-04
3.3239e-04
3.3238e-04
3.3236e-04
3.3236e-04
3.3234e-04
3.3230e-04
3.3228e-04
3.3228e-04
3.3227e-04
3.3225e-04
3.3221e-04
3.3221e-04
3.3219e-04
3.3218e-04
3.3217e-04
3.3215e-04
3.3213e-04
3.3211e-04
3.3211e-04
3.3208e-04
3.3207e-04
3.3204e-04
3.3203e-04
3.3200e-04
3.3200e-04
3.3194e-04
3.3192e-04
3.3191e-04
3.3190e-04
3.3190e-04
3.3189e-04
3.3188e-04
3.3186e-04
3.3186e-04
3.3186e-04
3.3183e-04
3.3180e-04
3.3178e-04
3.3178e-04
3.3177e-04
3.3171e-04
3.3170e-04
3.3166e-04
3.3166e-04
3.3164e-04
3.3160e-04
3.3159e-04
3.3159e-04
3.3158e-04
3.3158e-04
3.3156e-04
3.3153e-04
3.3153e-04
3.3152e-04
3.3152e-04
3.3152e-04
3.3152e-04
3.3151e-04
3.3150e-04
3.3148e-04
3.3148e-04
3.3143e-04
3.3142e-04
3.3140e-04
3.3137e-04
3.3135e-04
3.3135e-04
3.3134e-04
3.3133e-04
3.3133e-04
3.3132e-04
3.3132e-04
3.3130e-04
3.3128e-04
3.3127e-04
3.3126e-04
3.3126e-04
3.3125e-04
3.3125e-04
3.3125e-04
3.3123e-04
3.3123e-04
3.3121e-04
3.3117e-04
3.3117e-04
3.3117e-04
3.3114e-04
3.3112e-04
3.3111e-04
3.3105e-04
3.3104e-04
3.3104e-04
3.3103e-04
3.3102e-04
3.3102e-04
3.3098e-04
3.3096e-04
3.3096e-04
3.3095e-04
3.3094e-04
3.3094e-04
3.3093e-04
3.3088e-04
3.3084e-04
3.3084e-04
3.3083e-04
3.3080e-04
3.3080e-04
3.3079e-04
3.3078e-04
3.3075e-04
3.3075e-04
3.3072e-04
3.3071e-04
3.3070e-04
3.3070e-04
3.3069e-04
3.3066e-04
3.3066e-04
3.3065e-04
3.3065e-04
3.3065e-04
3.3064e-04
3.3063e-04
3.3061e-04
3.3060e-04
3.3059e-04
3.3056e-04
3.3056e-04
3.3055e-04
3.3054e-04
3.3054e-04
3.3053e-04
3.3051e-04
3.3051e-04
3.3049e-04
3.3046e-04
3.3042e-04
3.3040e-04
3.3040e-04
3.3037e-04
3.3034e-04
3.3033e-04
3.3030e-04
3.3030e-04
3.3028e-04
3.3028e-04
3.3028e-04
3.3027e-04
3.3024e-04
3.3020e-04
3.3017e-04
3.3016e-04
3.3015e-04
3.3011e-04
3.3010e-04
3.3009e-04
3.3007e-04
3.3006e-04
3.3006e-04
3.3005e-04
3.3004e-04
3.3003e-04
3.3003e-04
3.3001e-04
3.3001e-04
3.2999e-04
3.2998e-04
3.2996e-04
3.2996e-04
3.2995e-04
3.2995e-04
3.2992e-04
3.2992e-04
3.2991e-04
3.2989e-04
3.2985e-04
3.2981e-04
3.2980e-04
3.2980e-04
3.2979e-04
3.2978e-04
3.2977e-04
3.2976e-04
3.2974e-04
3.2973e-04
3.2972e-04
3.2970e-04
3.2963e-04
3.2962e-04
3.2962e-04
3.2962e-04
3.2959e-04
3.2959e-04
3.2958e-04
3.2958e-04
3.2955e-04
3.2955e-04
3.2954e-04
3.2954e-04
3.2952e-04
3.2951e-04
3.2950e-04
3.2950e-04
3.2948e-04
3.2948e-04
3.2948e-04
3.2947e-04
3.2946e-04
3.2944e-04
3.2943e-04
3.2943e-04
3.2939e-04
3.2937e-04
3.2935e-04
3.2932e-04
3.2932e-04
3.2930e-04
3.2928e-04
3.2927e-04
3.2926e-04
3.2925e-04
3.2925e-04
3.2924e-04
3.2924e-04
3.2923e-04
3.2922e-04
3.2921e-04
3.2920e-04
3.2918e-04
3.2915e-04
3.2912e-04
3.2912e-04
3.2912e-04
3.2911e-04
3.2911e-04
3.2910e-04
3.2908e-04
3.2907e-04
3.2907e-04
3.2903e-04
3.2902e-04
3.2900e-04
3.2899e-04
3.2899e-04
3.2898e-04
3.2895e-04
3.2895e-04
3.2893e-04
3.2893e-04
3.2892e-04
3.2890e-04
3.2890e-04
3.2889e-04
3.2888e-04
3.2888e-04
3.2888e-04
3.2888e-04
3.2885e-04
3.2884e-04
3.2882e-04
3.2882e-04
3.2881e-04
3.2881e-04
3.2878e-04
3.2878e-04
3.2877e-04
3.2876e-04
3.2875e-04
3.2874e-04
3.2874e-04
3.2874e-04
3.2872e-04
3.2871e-04
3.2871e-04
3.2870e-04
3.2869e-04
3.2869e-04
3.2862e-04
3.2861e-04
3.2860e-04
3.2859e-04
3.2857e-04
3.2857e-04
3.2856e-04
3.2855e-04
3.2854e-04
3.2854e-04
3.2852e-04
3.2851e-04
3.2850e-04
3.2849e-04
3.2849e-04
3.2849e-04
3.2847e-04
3.2842e-04
3.2842e-04
3.2842e-04
3.2840e-04
3.2839e-04
3.2838e-04
3.2835e-04
3.2831e-04
3.2830e-04
3.2829e-04
3.2826e-04
3.2826e-04
3.2825e-04
3.2824e-04
3.2824e-04
3.2820e-04
3.2819e-04
3.2818e-04
3.2817e-04
3.2815e-04
3.2810e-04
3.2810e-04
3.2810e-04
3.2808e-04
3.2806e-04
3.2805e-04
3.2804e-04
3.2802e-04
3.2800e-04
3.2799e-04
3.2798e-04
3.2798e-04
3.2797e-04
3.2795e-04
3.2795e-04
3.2794e-04
3.2791e-04
3.2789e-04
3.2788e-04
3.2786e-04
3.2785e-04
3.2785e-04
3.2783e-04
3.2783e-04
3.2783e-04
3.2783e-04
3.2782e-04
3.2779e-04
3.2776e-04
3.2776e-04
3.2775e-04
3.2775e-04
3.2774e-04
3.2773e-04
3.2771e-04
3.2770e-04
3.2769e-04
3.2767e-04
3.2766e-04
3.2765e-04
3.2765e-04
3.2764e-04
3.2758e-04
3.2756e-04
3.2756e-04
3.2755e-04
3.2753e-04
3.2752e-04
3.2751e-04
3.2751e-04
3.2750e-04
3.2748e-04
3.2748e-04
3.2747e-04
3.2747e-04
3.2744e-04
3.2743e-04
3.2743e-04
3.2742e-04
3.2741e-04
3.2740e-04
3.2740e-04
3.2740e-04
3.2737e-04
3.2735e-04
3.2733e-04
3.2731e-04
3.2730e-04
3.2730e-04
3.2730e-04
3.2728e-04
3.2727e-04
3.2722e-04
3.2717e-04
3.2716e-04
3.2714e-04
3.2714e-04
3.2711e-04
3.2707e-04
3.2706e-04
3.2706e-04
3.2704e-04
3.2704e-04
3.2702e-04
3.2700e-04
3.2700e-04
3.2700e-04
3.2699e-04
3.2699e-04
3.2697e-04
3.2695e-04
3.2695e-04
3.2693e-04
3.2692e-04
3.2692e-04
3.2691e-04
3.2689e-04
3.2687e-04
3.2687e-04
3.2686e-04
3.2685e-04
3.2683e-04
3.2682e-04
3.2680e-04
3.2679e-04
3.2673e-04
3.2672e-04
3.2671e-04
3.2670e-04
3.2670e-04
3.2669e-04
3.2669e-04
3.2666e-04
3.2664e-04
3.2663e-04
3.2663e-04
3.2663e-04
3.2661e-04
3.2660e-04
3.2660e-04
3.2659e-04
3.2658e-04
3.2657e-04
3.2655e-04
3.2654e-04
3.2653e-04
3.2649e-04
3.2648e-04
3.2648e-04
3.2648e-04
3.2648e-04
3.2647e-04
3.2646e-04
3.2640e-04
3.2640e-04
3.2637e-04
3.2636e-04
3.2635e-04
3.2635e-04
3.2635e-04
3.2634e-04
3.2633e-04
3.2631e-04
3.2628e-04
3.2627e-04
3.2621e-04
3.2619e-04
3.2618e-04
3.2618e-04
3.2618e-04
3.2617e-04
3.2616e-04
3.2616e-04
3.2614e-04
3.2612e-04
3.2611e-04
3.2607e-04
3.2606e-04
3.2605e-04
3.2603e-04
3.2602e-04
3.2601e-04
3.2599e-04
3.2596e-04
3.2596e-04
3.2596e-04
3.2595e-04
3.2595e-04
3.2594e-04
3.2593e-04
3.2591e-04
3.2589e-04
3.2589e-04
3.2588e-04
3.2587e-04
3.2586e-04
3.2584e-04
3.2584e-04
3.2583e-04
3.2581e-04
3.2579e-04
3.2577e-04
3.2576e-04
3.2575e-04
3.2571e-04
3.2568e-04
3.2565e-04
3.2565e-04
3.2564e-04
3.2563e-04
3.2558e-04
3.2557e-04
3.2557e-04
3.2557e-04
3.2557e-04
3.2556e-04
3.2550e-04
3.2547e-04
3.2544e-04
3.2544e-04
3.2544e-04
3.2544e-04
3.2540e-04
3.2536e-04
3.2535e-04
3.2535e-04
3.2532e-04
3.2532e-04
3.2528e-04
3.2527e-04
3.2527e-04
3.2525e-04
3.2523e-04
3.2522e-04
3.2521e-04
3.2520e-04
3.2520e-04
3.2517e-04
3.2517e-04
3.2517e-04
3.2516e-04
3.2515e-04
3.2514e-04
3.2513e-04
3.2513e-04
3.2513e-04
3.2510e-04
3.2507e-04
3.2506e-04
3.2505e-04
3.2505e-04
3.2500e-04
3.2499e-04
3.2497e-04
3.2495e-04
3.2495e-04
3.2493e-04
3.2492e-04
3.2491e-04
3.2489e-04
3.2488e-04
3.2488e-04
3.2488e-04
3.2488e-04
3.2488e-04
3.2488e-04
3.2487e-04
3.2487e-04
3.2486e-04
3.2485e-04
3.2484e-04
3.2484e-04
3.2483e-04
3.2482e-04
3.2482e-04
3.2481e-04
3.2480e-04
3.2479e-04
3.2477e-04
3.2477e-04
3.2476e-04
3.2476e-04
3.2475e-04
3.2475e-04
3.2475e-04
3.2472e-04
3.2472e-04
3.2471e-04
3.2471e-04
3.2468e-04
3.2468e-04
3.2466e-04
3.2465e-04
3.2465e-04
3.2465e-04
3.2465e-04
3.2462e-04
3.2461e-04
3.2461e-04
3.2460e-04
3.2460e-04
3.2458e-04
3.2455e-04
3.2454e-04
3.2454e-04
3.2454e-04
3.2453e-04
3.2453e-04
3.2452e-04
3.2451e-04
3.2450e-04
3.2449e-04
3.2447e-04
3.2447e-04
3.2447e-04
3.2446e-04
3.2445e-04
3.2445e-04
3.2445e-04
3.2442e-04
3.2441e-04
3.2438e-04
3.2436e-04
3.2435e-04
3.2432e-04
3.2431e-04
3.2431e-04
3.2430e-04
3.2429e-04
3.2426e-04
3.2425e-04
3.2425e-04
3.2425e-04
3.2425e-04
3.2424e-04
3.2423e-04
3.2422e-04
3.2420e-04
3.2419e-04
3.2417e-04
3.2412e-04
3.2411e-04
3.2411e-04
3.2410e-04
3.2409e-04
3.2408e-04
3.2408e-04
3.2406e-04
3.2405e-04
3.2403e-04
3.2402e-04
3.2402e-04
3.2401e-04
3.2401e-04
3.2400e-04
3.2397e-04
3.2396e-04
3.2395e-04
3.2394e-04
3.2392e-04
3.2392e-04
3.2388e-04
3.2387e-04
3.2385e-04
3.2384e-04
3.2384e-04
3.2383e-04
3.2383e-04
3.2383e-04
3.2381e-04
3.2381e-04
3.2380e-04
3.2380e-04
3.2379e-04
3.2375e-04
3.2374e-04
3.2369e-04
3.2367e-04
3.2366e-04
3.2364e-04
3.2364e-04
3.2362e-04
3.2361e-04
3.2359e-04
3.2359e-04
3.2358e-04
3.2358e-04
3.2357e-04
3.2355e-04
3.2355e-04
3.2354e-04
3.2353e-04
3.2353e-04
3.2353e-04
3.2351e-04
3.2351e-04
3.2349e-04
3.2348e-04
3.2347e-04
3.2346e-04
3.2344e-04
3.2344e-04
3.2344e-04
3.2340e-04
3.2338e-04
3.2332e-04
3.2332e-04
3.2330e-04
3.2327e-04
3.2327e-04
3.2326e-04
3.2326e-04
3.2325e-04
3.2324e-04
3.2321e-04
3.2321e-04
3.2320e-04
3.2319e-04
3.2319e-04
3.2315e-04
3.2314e-04
3.2312e-04
3.2312e-04
3.2312e-04
3.2309e-04
3.2309e-04
3.2309e-04
3.2309e-04
3.2307e-04
3.2307e-04
3.2306e-04
3.2306e-04
3.2305e-04
3.2301e-04
3.2298e-04
3.2298e-04
3.2298e-04
3.2297e-04
3.2297e-04
3.2297e-04
3.2296e-04
3.2296e-04
3.2295e-04
3.2295e-04
3.2294e-04
3.2291e-04
3.2291e-04
3.2289e-04
3.2287e-04
3.2287e-04
3.2286e-04
3.2282e-04
3.2278e-04
3.2278e-04
3.2278e-04
3.2278e-04
3.2275e-04
3.2275e-04
3.2274e-04
3.2274e-04
3.2273e-04
3.2271e-04
3.2271e-04
3.2270e-04
3.2267e-04
3.2263e-04
3.2260e-04
3.2257e-04
3.2255e-04
3.2255e-04
3.2255e-04
3.2254e-04
3.2253e-04
3.2252e-04
3.2250e-04
3.2250e-04
3.2249e-04
3.2249e-04
3.2247e-04
3.2247e-04
3.2247e-04
3.2246e-04
3.2246e-04
3.2244e-04
3.2243e-04
3.2242e-04
3.2241e-04
3.2239e-04
3.2238e-04
3.2237e-04
3.2231e-04
3.2227e-04
3.2227e-04
3.2227e-04
3.2226e-04
3.2226e-04
3.2226e-04
3.2219e-04
3.2219e-04
3.2218e-04
3.2218e-04
3.2218e-04
3.2216e-04
3.2215e-04
3.2215e-04
3.2215e-04
3.2214e-04
3.2210e-04
3.2207e-04
3.2205e-04
3.2202e-04
3.2201e-04
3.2197e-04
3.2196e-04
3.2194e-04
3.2193e-04
3.2193e-04
3.2192e-04
3.2191e-04
3.2190e-04
3.2185e-04
3.2184e-04
3.2184e-04
3.2182e-04
3.2181e-04
3.2181e-04
3.2181e-04
3.2181e-04
3.2181e-04
3.2179e-04
3.2178e-04
3.2178e-04
3.2177e-04
3.2177e-04
3.2176e-04
3.2174e-04
3.2174e-04
3.2173e-04
3.2173e-04
3.2172e-04
3.2171e-04
3.2171e-04
3.2169e-04
3.2167e-04
3.2167e-04
3.2166e-04
3.2164e-04
3.2162e-04
3.2161e-04
3.2160e-04
3.2159e-04
3.2159e-04
3.2159e-04
3.2158e-04
3.2157e-04
3.2156e-04
3.2153e-04
3.2150e-04
3.2143e-04
3.2143e-04
3.2142e-04
3.2142e-04
3.2141e-04
3.2140e-04
3.2139e-04
3.2137e-04
3.2136e-04
3.2134e-04
3.2128e-04
3.2128e-04
3.2127e-04
3.2127e-04
3.2125e-04
3.2125e-04
3.2124e-04
3.2123e-04
3.2122e-04
3.2120e-04
3.2119e-04
3.2119e-04
3.2118e-04
3.2117e-04
3.2115e-04
3.2113e-04
3.2111e-04
3.2110e-04
3.2110e-04
3.2110e-04
3.2107e-04
3.2106e-04
3.2104e-04
3.2103e-04
3.2103e-04
3.2103e-04
3.2101e-04
3.2101e-04
3.2100e-04
3.2100e-04
3.2097e-04
3.2096e-04
3.2096e-04
3.2094e-04
3.2093e-04
3.2091e-04
3.2091e-04
3.2089e-04
3.2089e-04
3.2088e-04
3.2087e-04
3.2082e-04
3.2082e-04
3.2081e-04
3.2080e-04
3.2078e-04
3.2078e-04
3.2077e-04
3.2077e-04
3.2076e-04
3.2075e-04
3.2075e-04
3.2074e-04
3.2073e-04
3.2073e-04
3.2072e-04
3.2071e-04
3.2070e-04
3.2070e-04
3.2070e-04
3.2068e-04
3.2068e-04
3.2068e-04
3.2066e-04
3.2062e-04
3.2062e-04
3.2060e-04
3.2060e-04
3.2055e-04
3.2054e-04
3.2052e-04
3.2050e-04
3.2050e-04
3.2048e-04
3.2048e-04
3.2047e-04
3.2047e-04
3.2047e-04
3.2042e-04
3.2041e-04
3.2040e-04
3.2040e-04
3.2039e-04
3.2037e-04
3.2037e-04
3.2036e-04
3.2033e-04
3.2030e-04
3.2030e-04
3.2026e-04
3.2025e-04
3.2022e-04
3.2021e-04
3.2018e-04
3.2018e-04
3.2018e-04
3.2017e-04
3.2014e-04
3.2007e-04
3.2007e-04
3.2006e-04
3.2005e-04
3.2005e-04
3.2004e-04
3.2003e-04
3.2000e-04
3.1999e-04
3.1999e-04
3.1998e-04
3.1997e-04
3.1997e-04
3.1996e-04
3.1994e-04
3.1994e-04
3.1993e-04
3.1992e-04
3.1990e-04
3.1990e-04
3.1989e-04
3.1989e-04
3.1985e-04
3.1984e-04
3.1982e-04
3.1977e-04
3.1976e-04
3.1976e-04
3.1973e-04
3.1972e-04
3.1972e-04
3.1972e-04
3.1970e-04
3.1969e-04
3.1966e-04
3.1966e-04
3.1964e-04
3.1963e-04
3.1960e-04
3.1958e-04
3.1956e-04
3.1955e-04
3.1955e-04
3.1953e-04
3.1953e-04
3.1952e-04
3.1952e-04
3.1950e-04
3.1950e-04
3.1949e-04
3.1947e-04
3.1947e-04
3.1946e-04
3.1942e-04
3.1939e-04
3.1938e-04
3.1938e-04
3.1937e-04
3.1937e-04
3.1934e-04
3.1930e-04
3.1928e-04
3.1928e-04
3.1927e-04
3.1925e-04
3.1925e-04
3.1923e-04
3.1919e-04
3.1919e-04
3.1917e-04
3.1917e-04
3.1916e-04
3.1915e-04
3.1914e-04
3.1914e-04
3.1911e-04
3.1910e-04
3.1909e-04
3.1908e-04
3.1908e-04
3.1906e-04
3.1905e-04
3.1904e-04
3.1903e-04
3.1902e-04
3.1899e-04
3.1899e-04
3.1898e-04
3.1897e-04
3.1897e-04
3.1896e-04
3.1896e-04
3.1893e-04
3.1893e-04
3.1892e-04
3.1891e-04
3.1890e-04
3.1887e-04
3.1886e-04
3.1885e-04
3.1882e-04
3.1880e-04
3.1878e-04
3.1878e-04
3.1877e-04
3.1876e-04
3.1876e-04
3.1875e-04
3.1870e-04
3.1869e-04
3.1869e-04
3.1868e-04
3.1868e-04
3.1867e-04
3.1867e-04
3.1866e-04
3.1863e-04
3.1861e-04
3.1860e-04
3.1858e-04
3.1857e-04
3.1857e-04
3.1856e-04
3.1856e-04
3.1855e-04
3.1853e-04
3.1853e-04
3.1846e-04
3.1844e-04
3.1843e-04
3.1842e-04
3.1842e-04
3.1841e-04
3.1841e-04
3.1838e-04
3.1837e-04
3.1835e-04
3.1834e-04
3.1834e-04
3.1833e-04
3.1832e-04
3.1832e-04
3.1829e-04
3.1826e-04
3.1825e-04
3.1818e-04
3.1817e-04
3.1817e-04
3.1817e-04
3.1814e-04
3.1810e-04
3.1805e-04
3.1804e-04
3.1802e-04
3.1798e-04
3.1798e-04
3.1796e-04
3.1796e-04
3.1792e-04
3.1791e-04
3.1787e-04
3.1787e-04
3.1785e-04
3.1784e-04
3.1783e-04
3.1782e-04
3.1778e-04
3.1773e-04
3.1770e-04
3.1769e-04
3.1768e-04
3.1768e-04
3.1768e-04
3.1766e-04
3.1766e-04
3.1765e-04
3.1760e-04
3.1760e-04
3.1760e-04
3.1760e-04
3.1760e-04
3.1759e-04
3.1759e-04
3.1758e-04
3.1757e-04
3.1755e-04
3.1755e-04
3.1755e-04
3.1753e-04
3.1753e-04
3.1753e-04
3.1752e-04
3.1748e-04
3.1748e-04
3.1747e-04
3.1747e-04
3.1746e-04
3.1742e-04
3.1742e-04
3.1741e-04
3.1739e-04
3.1739e-04
3.1738e-04
3.1736e-04
3.1736e-04
3.1733e-04
3.1731e-04
3.1730e-04
3.1728e-04
3.1723e-04
3.1723e-04
3.1722e-04
3.1722e-04
3.1721e-04
3.1720e-04
3.1716e-04
3.1716e-04
3.1715e-04
3.1712e-04
3.1708e-04
3.1706e-04
3.1704e-04
3.1703e-04
3.1703e-04
3.1702e-04
3.1699e-04
3.1698e-04
3.1693e-04
3.1692e-04
3.1691e-04
3.1689e-04
3.1689e-04
3.1688e-04
3.1684e-04
3.1683e-04
3.1683e-04
3.1682e-04
3.1681e-04
3.1679e-04
3.1678e-04
3.1678e-04
3.1674e-04
3.1671e-04
3.1671e-04
3.1670e-04
3.1666e-04
3.1665e-04
3.1665e-04
3.1663e-04
3.1662e-04
3.1662e-04
3.1660e-04
3.1656e-04
3.1653e-04
3.1650e-04
3.1650e-04
3.1649e-04
3.1647e-04
3.1644e-04
3.1642e-04
3.1641e-04
3.1641e-04
3.1641e-04
3.1637e-04
3.1636e-04
3.1636e-04
3.1632e-04
3.1632e-04
3.1631e-04
3.1631e-04
3.1630e-04
3.1627e-04
3.1625e-04
3.1623e-04
3.1622e-04
3.1620e-04
3.1619e-04
3.1619e-04
3.1616e-04
3.1615e-04
3.1614e-04
3.1614e-04
3.1612e-04
3.1612e-04
3.1612e-04
3.1610e-04
3.1610e-04
3.1608e-04
3.1608e-04
3.1607e-04
3.1606e-04
3.1605e-04
3.1605e-04
3.1605e-04
3.1604e-04
3.1603e-04
3.1600e-04
3.1600e-04
3.1597e-04
3.1597e-04
3.1595e-04
3.1595e-04
3.1594e-04
3.1594e-04
3.1591e-04
3.1590e-04
3.1590e-04
3.1590e-04
3.1588e-04
3.1588e-04
3.1587e-04
3.1586e-04
3.1585e-04
3.1585e-04
3.1585e-04
3.1582e-04
3.1580e-04
3.1577e-04
3.1576e-04
3.1575e-04
3.1574e-04
3.1573e-04
3.1572e-04
3.1571e-04
3.1571e-04
3.1570e-04
3.1570e-04
3.1570e-04
3.1569e-04
3.1567e-04
3.1567e-04
3.1567e-04
3.1566e-04
3.1563e-04
3.1560e-04
3.1559e-04
3.1557e-04
3.1557e-04
3.1556e-04
3.1555e-04
3.1555e-04
3.1551e-04
3.1548e-04
3.1547e-04
3.1543e-04
3.1542e-04
3.1540e-04
3.1538e-04
3.1538e-04
3.1534e-04
3.1534e-04
3.1533e-04
3.1528e-04
3.1526e-04
3.1520e-04
3.1518e-04
3.1517e-04
3.1516e-04
3.1516e-04
3.1515e-04
3.1511e-04
3.1509e-04
3.1509e-04
3.1508e-04
3.1507e-04
3.1502e-04
3.1500e-04
3.1500e-04
3.1498e-04
3.1495e-04
3.1490e-04
3.1488e-04
3.1486e-04
3.1485e-04
3.1485e-04
3.1480e-04
3.1479e-04
3.1478e-04
3.1474e-04
3.1473e-04
3.1472e-04
3.1472e-04
3.1471e-04
3.1471e-04
3.1470e-04
3.1470e-04
3.1469e-04
3.1466e-04
3.1463e-04
3.1461e-04
3.1460e-04
3.1458e-04
3.1457e-04
3.1456e-04
3.1455e-04
3.1455e-04
3.1454e-04
3.1450e-04
3.1449e-04
3.1448e-04
3.1447e-04
3.1444e-04
3.1442e-04
3.1441e-04
3.1441e-04
3.1439e-04
3.1439e-04
3.1438e-04
3.1435e-04
3.1434e-04
3.1433e-04
3.1430e-04
3.1427e-04
3.1427e-04
3.1423e-04
3.1423e-04
3.1418e-04
3.1415e-04
3.1414e-04
3.1413e-04
3.1413e-04
3.1413e-04
3.1412e-04
3.1412e-04
3.1412e-04
3.1408e-04
3.1407e-04
3.1406e-04
3.1404e-04
3.1404e-04
3.1403e-04
3.1395e-04
3.1394e-04
3.1394e-04
3.1394e-04
3.1393e-04
3.1393e-04
3.1392e-04
3.1391e-04
3.1391e-04
3.1382e-04
3.1382e-04
3.1378e-04
3.1377e-04
3.1376e-04
3.1373e-04
3.1373e-04
3.1372e-04
3.1372e-04
3.1369e-04
3.1368e-04
3.1368e-04
3.1366e-04
3.1363e-04
3.1360e-04
3.1360e-04
3.1358e-04
3.1356e-04
3.1353e-04
3.1353e-04
3.1352e-04
3.1349e-04
3.1349e-04
3.1347e-04
3.1341e-04
3.1340e-04
3.1339e-04
3.1338e-04
3.1338e-04
3.1329e-04
3.1325e-04
3.1324e-04
3.1322e-04
3.1318e-04
3.1317e-04
3.1313e-04
3.1311e-04
3.1311e-04
3.1310e-04
3.1308e-04
3.1307e-04
3.1303e-04
3.1300e-04
3.1297e-04
3.1295e-04
3.1290e-04
3.1290e-04
3.1289e-04
3.1289e-04
3.1287e-04
3.1286e-04
3.1283e-04
3.1283e-04
3.1283e-04
3.1281e-04
3.1277e-04
3.1277e-04
3.1276e-04
3.1275e-04
3.1274e-04
3.1273e-04
3.1272e-04
3.1271e-04
3.1268e-04
3.1268e-04
3.1265e-04
3.1264e-04
3.1259e-04
3.1259e-04
3.1258e-04
3.1258e-04
3.1257e-04
3.1257e-04
3.1255e-04
3.1252e-04
3.1252e-04
3.1249e-04
3.1244e-04
3.1244e-04
3.1244e-04
3.1242e-04
3.1241e-04
3.1240e-04
3.1239e-04
3.1239e-04
3.1235e-04
3.1234e-04
3.1233e-04
3.1232e-04
3.1230e-04
3.1228e-04
3.1226e-04
3.1221e-04
3.1219e-04
3.1217e-04
3.1216e-04
3.1213e-04
3.1213e-04
3.1211e-04
3.1209e-04
3.1206e-04
3.1205e-04
3.1202e-04
3.1201e-04
3.1198e-04
3.1195e-04
3.1193e-04
3.1193e-04
3.1190e-04
3.1186e-04
3.1181e-04
3.1178e-04
3.1177e-04
3.1172e-04
3.1172e-04
3.1172e-04
3.1171e-04
3.1171e-04
3.1170e-04
3.1169e-04
3.1166e-04
3.1164e-04
3.1164e-04
3.1161e-04
3.1160e-04
3.1154e-04
3.1143e-04
3.1139e-04
3.1137e-04
3.1135e-04
3.1134e-04
3.1129e-04
3.1126e-04
3.1126e-04
3.1125e-04
3.1124e-04
3.1121e-04
3.1121e-04
3.1113e-04
3.1113e-04
3.1107e-04
3.1106e-04
3.1103e-04
3.1102e-04
3.1101e-04
3.1101e-04
3.1099e-04
3.1096e-04
3.1094e-04
3.1090e-04
3.1090e-04
3.1090e-04
3.1088e-04
3.1087e-04
3.1085e-04
3.1079e-04
3.1075e-04
3.1069e-04
3.1064e-04
3.1060e-04
3.1058e-04
3.1056e-04
3.1054e-04
3.1052e-04
3.1052e-04
3.1044e-04
3.1043e-04
3.1038e-04
3.1025e-04
3.1024e-04
3.1015e-04
3.1011e-04
3.1009e-04
3.1008e-04
3.1007e-04
3.1005e-04
3.0999e-04
3.0999e-04
3.0994e-04
3.0994e-04
3.0991e-04
3.0989e-04
3.0987e-04
3.0984e-04
3.0981e-04
3.0981e-04
3.0980e-04
3.0977e-04
3.0973e-04
3.0973e-04
3.0972e-04
3.0970e-04
3.0967e-04
3.0966e-04
3.0964e-04
3.0963e-04
3.0961e-04
3.0959e-04
3.0956e-04
3.0955e-04
3.0953e-04
3.0952e-04
3.0948e-04
3.0937e-04
3.0937e-04
3.0932e-04
3.0930e-04
3.0929e-04
3.0927e-04
3.0926e-04
3.0926e-04
3.0924e-04
3.0919e-04
3.0916e-04
3.0915e-04
3.0914e-04
3.0912e-04
3.0911e-04
3.0911e-04
3.0910e-04
3.0905e-04
3.0903e-04
3.0897e-04
3.0897e-04
3.0894e-04
3.0892e-04
3.0886e-04
3.0882e-04
3.0880e-04
3.0871e-04
3.0871e-04
3.0866e-04
3.0862e-04
3.0855e-04
3.0852e-04
3.0839e-04
3.0839e-04
3.0836e-04
3.0831e-04
3.0826e-04
3.0812e-04
3.0812e-04
3.0798e-04
3.0794e-04
3.0792e-04
3.0791e-04
3.0789e-04
3.0786e-04
3.0784e-04
3.0775e-04
3.0775e-04
3.0773e-04
3.0770e-04
3.0769e-04
3.0768e-04
3.0754e-04
3.0748e-04
3.0744e-04
3.0739e-04
3.0736e-04
3.0735e-04
3.0734e-04
3.0732e-04
3.0730e-04
3.0726e-04
3.0724e-04
3.0720e-04
3.0709e-04
3.0703e-04
3.0699e-04
3.0699e-04
3.0697e-04
3.0694e-04
3.0690e-04
3.0690e-04
3.0686e-04
3.0685e-04
3.0679e-04
3.0674e-04
3.0669e-04
3.0669e-04
3.0664e-04
3.0654e-04
3.0651e-04
3.0646e-04
3.0646e-04
3.0644e-04
3.0642e-04
3.0622e-04
3.0614e-04
3.0614e-04
3.0613e-04
3.0611e-04
3.0604e-04
3.0601e-04
3.0601e-04
3.0600e-04
3.0597e-04
3.0595e-04
3.0585e-04
3.0581e-04
3.0576e-04
3.0571e-04
3.0569e-04
3.0568e-04
3.0567e-04
3.0564e-04
3.0563e-04
3.0558e-04
3.0557e-04
3.0555e-04
3.0550e-04
3.0548e-04
3.0543e-04
3.0542e-04
3.0541e-04
3.0538e-04
3.0535e-04
3.0528e-04
3.0516e-04
3.0510e-04
3.0506e-04
3.0504e-04
3.0490e-04
3.0490e-04
3.0490e-04
3.0489e-04
3.0488e-04
3.0487e-04
3.0486e-04
3.0472e-04
3.0468e-04
3.0463e-04
3.0461e-04
3.0456e-04
3.0455e-04
3.0455e-04
3.0455e-04
3.0452e-04
3.0447e-04
3.0445e-04
3.0438e-04
3.0433e-04
3.0428e-04
3.0425e-04
3.0423e-04
3.0423e-04
3.0406e-04
3.0406e-04
3.0396e-04
3.0390e-04
3.0387e-04
3.0381e-04
3.0376e-04
3.0376e-04
3.0368e-04
3.0368e-04
3.0362e-04
3.0360e-04
3.0359e-04
3.0354e-04
3.0348e-04
3.0342e-04
3.0342e-04
3.0333e-04
3.0330e-04
3.0328e-04
3.0320e-04
3.0314e-04
3.0306e-04
3.0300e-04
3.0294e-04
3.0291e-04
3.0286e-04
3.0279e-04
3.0278e-04
3.0261e-04
3.0261e-04
3.0256e-04
3.0254e-04
3.0245e-04
3.0238e-04
3.0238e-04
3.0237e-04
3.0226e-04
3.0207e-04
3.0192e-04
3.0192e-04
3.0171e-04
3.0169e-04
3.0167e-04
3.0166e-04
3.0156e-04
3.0137e-04
3.0136e-04
3.0125e-04
3.0125e-04
3.0118e-04
3.0111e-04
3.0111e-04
3.0109e-04
3.0107e-04
3.0105e-04
3.0101e-04
3.0087e-04
3.0064e-04
3.0049e-04
3.0047e-04
3.0046e-04
3.0036e-04
3.0031e-04
3.0027e-04
3.0017e-04
3.0016e-04
3.0012e-04
3.0002e-04
2.9994e-04
2.9989e-04
2.9988e-04
2.9983e-04
2.9967e-04
2.9961e-04
2.9954e-04
2.9954e-04
2.9945e-04
2.9944e-04
2.9936e-04
2.9922e-04
2.9903e-04
2.9900e-04
2.9884e-04
2.9878e-04
2.9876e-04
2.9872e-04
2.9870e-04
2.9868e-04
2.9867e-04
2.9867e-04
2.9864e-04
2.9862e-04
2.9861e-04
2.9859e-04
2.9858e-04
2.9856e-04
2.9852e-04
2.9824e-04
2.9822e-04
2.9811e-04
2.9807e-04
2.9803e-04
2.9784e-04
2.9783e-04
2.9757e-04
2.9755e-04
2.9746e-04
2.9744e-04
2.9734e-04
2.9730e-04
2.9728e-04
2.9724e-04
2.9722e-04
2.9708e-04
2.9705e-04
2.9694e-04
2.9693e-04
2.9683e-04
2.9681e-04
2.9680e-04
2.9676e-04
2.9664e-04
2.9660e-04
2.9648e-04
2.9637e-04
2.9636e-04
2.9626e-04
2.9618e-04
2.9603e-04
2.9592e-04
2.9570e-04
2.9559e-04
2.9554e-04
2.9550e-04
2.9538e-04
2.9530e-04
2.9528e-04
2.9514e-04
2.9514e-04
2.9504e-04
2.9496e-04
2.9490e-04
2.9468e-04
2.9455e-04
2.9455e-04
2.9437e-04
2.9418e-04
2.9402e-04
2.9400e-04
2.9386e-04
2.9365e-04
2.9358e-04
2.9347e-04
2.9339e-04
2.9314e-04
2.9313e-04
2.9303e-04
2.9267e-04
2.9266e-04
2.9261e-04
2.9258e-04
2.9233e-04
2.9226e-04
2.9222e-04
2.9217e-04
2.9204e-04
2.9180e-04
2.9177e-04
2.9160e-04
2.9109e-04
2.9098e-04
2.9089e-04
2.9081e-04
2.9056e-04
2.9056e-04
2.9013e-04
2.8990e-04
2.8975e-04
2.8956e-04
2.8913e-04
2.8868e-04
2.8843e-04
2.8822e-04
2.8813e-04
2.8802e-04
2.8789e-04
2.8746e-04
2.8690e-04
2.8678e-04
2.8628e-04
2.8625e-04
2.8613e-04
2.8595e-04
2.8586e-04
2.8582e-04
2.8566e-04
2.8561e-04
2.8534e-04
2.8502e-04
2.8450e-04
2.8426e-04
2.8395e-04
2.8383e-04
2.8363e-04
2.8346e-04
2.8341e-04
2.8308e-04
2.8292e-04
2.8271e-04
2.8268e-04
2.8254e-04
2.8201e-04
2.8192e-04
2.8185e-04
2.8147e-04
2.8140e-04
2.8086e-04
2.8051e-04
2.7982e-04
2.7981e-04
2.7924e-04
2.7921e-04
2.7885e-04
2.7859e-04
2.7850e-04
2.7822e-04
2.7807e-04
2.7780e-04
2.7764e-04
2.7627e-04
2.7595e-04
2.7566e-04
2.7558e-04
2.7547e-04
2.7477e-04
2.7386e-04
2.7342e-04
2.7295e-04
2.7259e-04
2.7201e-04
2.7021e-04
2.6909e-04
2.6854e-04
2.6347e-04
2.6226e-04
2.6065e-04
2.6046e-04
2.5935e-04
2.5914e-04
2.5881e-04
2.5643e-04
2.5641e-04
2.5173e-04
2.5155e-04
2.5151e-04
2.5137e-04
2.4670e-04
2.4548e-04
2.4533e-04
2.4516e-04
2.4467e-04
2.3926e-04
2.3836e-04
2.3624e-04
2.3557e-04
2.3548e-04
2.3468e-04
2.3391e-04
2.3208e-04
2.2724e-04
2.2713e-04
2.2600e-04
2.2318e-04
2.2158e-04
2.0972e-04
2.0636e-04
2.0530e-04
2.0221e-04
1.9531e-04
1.8984e-04
1.8805e-04
1.8325e-04
1.8022e-04
1.7545e-04
1.6545e-04
1.6170e-04
1.6002e-04
1.5966e-04
1.5851e-04
1.5845e-04
1.5202e-04
1.5146e-04
1.5068e-04
1.5033e-04
1.4837e-04
1.4702e-04
1.4555e-04
1.4506e-04
1.4486e-04
1.4449e-04
1.4252e-04
1.4236e-04
1.4050e-04
1.3936e-04
1.3584e-04
1.3282e-04
1.3224e-04
1.3082e-04
1.3018e-04
1.3000e-04
1.2969e-04
1.2900e-04
1.2832e-04
1.2811e-04
1.2803e-04
1.2781e-04
1.2751e-04
1.2694e-04
1.2658e-04
1.2566e-04
1.2536e-04
1.2445e-04
1.2428e-04
1.2398e-04
1.2328e-04
1.2249e-04
1.2205e-04
1.2075e-04
1.2061e-04
1.1995e-04
1.1694e-04
1.1604e-04
1.1600e-04
1.1580e-04
1.1576e-04
1.1569e-04
1.1568e-04
1.1538e-04
1.1509e-04
1.1499e-04
1.1419e-04
1.1406e-04
1.1333e-04
1.1322e-04
1.1321e-04
1.1278e-04
1.1270e-04
1.1253e-04
1.1252e-04
1.1248e-04
1.1231e-04
1.1228e-04
1.1222e-04
1.1218e-04
1.1209e-04
1.1202e-04
1.1183e-04
1.1156e-04
1.1153e-04
1.1141e-04
1.1139e-04
1.1124e-04
1.1077e-04
1.1007e-04
1.1004e-04
1.0913e-04
1.0893e-04
1.0863e-04
1.0854e-04
1.0804e-04
1.0774e-04
1.0764e-04
1.0742e-04
1.0741e-04
1.0735e-04
1.0658e-04
1.0639e-04
1.0601e-04
1.0592e-04
1.0583e-04
1.0581e-04
1.0564e-04
1.0512e-04
1.0511e-04
1.0498e-04
1.0478e-04
1.0438e-04
1.0425e-04
1.0418e-04
1.0394e-04
1.0387e-04
1.0355e-04
1.0354e-04
1.0354e-04
1.0346e-04
1.0335e-04
1.0332e-04
1.0287e-04
1.0248e-04
1.0204e-04
1.0157e-04
1.0140e-04
1.0085e-04
1.0066e-04
1.0057e-04
1.0056e-04
1.0002e-04
9.9838e-05
9.9811e-05
9.9790e-05
9.9755e-05
9.9727e-05
9.9619e-05
9.9482e-05
9.9245e-05
9.9150e-05
9.8989e-05
9.8944e-05
9.8891e-05
9.8383e-05
9.8241e-05
9.8234e-05
9.8228e-05
9.8226e-05
9.8144e-05
9.7974e-05
9.7727e-05
9.7627e-05
9.7515e-05
9.7481e-05
9.7435e-05
9.7402e-05
9.7341e-05
9.7085e-05
9.6875e-05
9.6871e-05
9.6777e-05
9.6760e-05
9.6737e-05
9.6724e-05
9.6714e-05
9.6514e-05
9.6235e-05
9.6115e-05
9.6105e-05
9.5948e-05
9.5944e-05
9.5927e-05
9.5693e-05
9.5660e-05
9.5528e-05
9.5413e-05
9.5325e-05
9.5248e-05
9.5206e-05
9.5153e-05
9.5049e-05
9.4888e-05
9.4753e-05
9.4680e-05
9.4616e-05
9.4556e-05
9.4507e-05
9.4398e-05
9.4357e-05
9.4300e-05
9.4196e-05
9.4100e-05
9.4099e-05
9.3983e-05
9.3952e-05
9.3940e-05
9.3892e-05
9.3873e-05
9.3698e-05
9.3478e-05
9.3468e-05
9.3437e-05
9.3380e-05
9.3378e-05
9.3211e-05
9.3185e-05
9.3181e-05
9.3139e-05
9.3128e-05
9.3118e-05
9.2949e-05
9.2780e-05
9.2712e-05
9.2698e-05
9.2686e-05
9.2675e-05
9.2648e-05
9.2507e-05
9.2451e-05
9.2326e-05
9.2272e-05
9.2122e-05
9.2106e-05
9.2074e-05
9.2045e-05
9.1989e-05
9.1966e-05
9.1882e-05
9.1864e-05
9.1732e-05
9.1650e-05
9.1633e-05
9.1490e-05
9.1422e-05
9.1407e-05
9.1396e-05
9.1359e-05
9.1347e-05
9.1343e-05
9.1328e-05
9.1232e-05
9.1188e-05
9.1056e-05
9.1046e-05
9.0949e-05
9.0934e-05
9.0803e-05
9.0797e-05
9.0780e-05
9.0741e-05
9.0707e-05
9.0684e-05
9.0660e-05
9.0640e-05
9.0626e-05
9.0599e-05
9.0594e-05
9.0589e-05
9.0579e-05
9.0451e-05
9.0360e-05
9.0352e-05
9.0334e-05
9.0304e-05
9.0282e-05
9.0238e-05
9.0231e-05
9.0223e-05
9.0096e-05
9.0034e-05
8.9988e-05
8.9873e-05
8.9810e-05
8.9666e-05
8.9656e-05
8.9627e-05
8.9589e-05
8.9587e-05
8.9547e-05
8.9481e-05
8.9480e-05
8.9475e-05
8.9459e-05
8.9430e-05
8.9399e-05
8.9366e-05
8.9350e-05
8.9343e-05
8.9329e-05
8.9301e-05
8.9242e-05
8.9209e-05
8.9125e-05
8.9124e-05
8.9041e-05
8.9022e-05
8.9015e-05
8.9014e-05
8.8913e-05
8.8891e-05
8.8858e-05
8.8853e-05
8.8836e-05
8.8825e-05
8.8791e-05
8.8776e-05
8.8754e-05
8.8746e-05
8.8672e-05
8.8626e-05
8.8581e-05
8.8540e-05
8.8538e-05
8.8509e-05
8.8430e-05
8.8419e-05
8.8374e-05
8.8352e-05
8.8308e-05
8.8307e-05
8.8256e-05
8.8250e-05
8.8250e-05
8.8167e-05
8.8091e-05
8.8087e-05
8.8024e-05
8.8003e-05
8.7985e-05
8.7934e-05
8.7925e-05
8.7911e-05
8.7907e-05
8.7873e-05
8.7845e-05
8.7835e-05
8.7795e-05
8.7791e-05
8.7778e-05
8.7704e-05
8.7704e-05
8.7702e-05
8.7693e-05
8.7693e-05
8.7685e-05
8.7685e-05
8.7647e-05
8.7521e-05
8.7488e-05
8.7484e-05
8.7439e-05
8.7424e-05
8.7406e-05
8.7401e-05
8.7378e-05
8.7356e-05
8.7346e-05
8.7320e-05
8.7318e-05
8.7315e-05
8.7290e-05
8.7286e-05
8.7260e-05
8.7257e-05
8.7244e-05
8.7239e-05
8.7220e-05
8.7139e-05
8.7020e-05
8.7001e-05
8.6972e-05
8.6917e-05
8.6876e-05
8.6836e-05
8.6834e-05
8.6821e-05
8.6785e-05
8.6742e-05
8.6708e-05
8.6666e-05
8.6653e-05
8.6619e-05
8.6601e-05
8.6561e-05
8.6547e-05
8.6528e-05
8.6513e-05
8.6489e-05
8.6478e-05
8.6390e-05
8.6351e-05
8.6321e-05
8.6269e-05
8.6268e-05
8.6244e-05
8.6187e-05
8.6175e-05
8.6147e-05
8.6131e-05
8.6123e-05
8.6120e-05
8.6102e-05
8.6070e-05
8.6048e-05
8.6041e-05
8.6029e-05
8.5995e-05
8.5989e-05
8.5971e-05
8.5971e-05
8.5929e-05
8.5923e-05
8.5917e-05
8.5909e-05
8.5903e-05
8.5845e-05
8.5827e-05
8.5800e-05
8.5794e-05
8.5756e-05
8.5742e-05
8.5713e-05
8.5676e-05
8.5645e-05
8.5587e-05
8.5567e-05
8.5560e-05
8.5560e-05
8.5558e-05
8.5534e-05
8.5514e-05
8.5513e-05
8.5508e-05
8.5455e-05
8.5420e-05
8.5415e-05
8.5326e-05
8.5312e-05
8.5257e-05
8.5255e-05
8.5240e-05
8.5208e-05
8.5206e-05
8.5193e-05
8.5186e-05
8.5175e-05
8.5152e-05
8.5152e-05
8.5149e-05
8.5092e-05
8.5063e-05
8.5057e-05
8.5049e-05
8.5040e-05
8.5006e-05
8.5001e-05
8.4991e-05
8.4987e-05
8.4972e-05
8.4930e-05
8.4923e-05
8.4910e-05
8.4895e-05
8.4883e-05
8.4880e-05
8.4872e-05
8.4841e-05
8.4832e-05
8.4820e-05
8.4814e-05
8.4812e-05
8.4802e-05
8.4790e-05
8.4767e-05
8.4709e-05
8.4690e-05
8.4630e-05
8.4612e-05
8.4574e-05
8.4552e-05
8.4537e-05
8.4534e-05
8.4507e-05
8.4500e-05
8.4489e-05
8.4483e-05
8.4457e-05
8.4449e-05
8.4430e-05
8.4421e-05
8.4386e-05
8.4373e-05
8.4371e-05
8.4364e-05
8.4347e-05
8.4334e-05
8.4306e-05
8.4298e-05
8.4285e-05
8.4257e-05
8.4230e-05
8.4227e-05
8.4198e-05
8.4185e-05
8.4174e-05
8.4168e-05
8.4152e-05
8.4144e-05
8.4135e-05
8.4047e-05
8.4044e-05
8.4033e-05
8.4033e-05
8.3994e-05
8.3991e-05
8.3987e-05
8.3968e-05
8.3947e-05
8.3873e-05
8.3848e-05
8.3830e-05
8.3824e-05
8.3805e-05
8.3804e-05
8.3718e-05
8.3712e-05
8.3708e-05
8.3704e-05
8.3673e-05
8.3669e-05
8.3664e-05
8.3663e-05
8.3641e-05
8.3631e-05
8.3628e-05
8.3618e-05
8.3616e-05
8.3616e-05
8.3599e-05
8.3523e-05
8.3512e-05
8.3502e-05
8.3475e-05
8.3462e-05
8.3450e-05
8.3448e-05
8.3446e-05
8.3444e-05
8.3433e-05
8.3399e-05
8.3387e-05
8.3351e-05
8.3322e-05
8.3319e-05
8.3305e-05
8.3302e-05
8.3302e-05
8.3301e-05
8.3300e-05
8.3295e-05
8.3285e-05
8.3274e-05
8.3267e-05
8.3241e-05
8.3216e-05
8.3195e-05
8.3191e-05
8.3184e-05
8.3161e-05
8.3153e-05
8.3146e-05
8.3137e-05
8.3131e-05
8.3129e-05
8.3128e-05
8.3108e-05
8.3090e-05
8.3074e-05
8.3057e-05
8.3057e-05
8.3054e-05
8.3025e-05
8.3018e-05
8.2991e-05
8.2976e-05
8.2969e-05
8.2966e-05
8.2953e-05
8.2934e-05
8.2902e-05
8.2846e-05
8.2830e-05
8.2819e-05
8.2816e-05
8.2797e-05
8.2795e-05
8.2793e-05
8.2784e-05
8.2772e-05
8.2768e-05
8.2759e-05
8.2752e-05
8.2731e-05
8.2729e-05
8.2706e-05
8.2676e-05
8.2672e-05
8.2662e-05
8.2627e-05
8.2619e-05
8.2616e-05
8.2616e-05
8.2614e-05
8.2614e-05
8.2612e-05
8.2604e-05
8.2581e-05
8.2580e-05
8.2559e-05
8.2551e-05
8.2530e-05
8.2528e-05
8.2522e-05
8.2517e-05
8.2493e-05
8.2483e-05
8.2469e-05
8.2444e-05
8.2406e-05
8.2405e-05
8.2404e-05
8.2373e-05
8.2350e-05
8.2337e-05
8.2333e-05
8.2331e-05
8.2326e-05
8.2317e-05
8.2316e-05
8.2313e-05
8.2311e-05
8.2306e-05
8.2301e-05
8.2290e-05
8.2290e-05
8.2267e-05
8.2264e-05
8.2259e-05
8.2236e-05
8.2229e-05
8.2224e-05
8.2224e-05
8.2217e-05
8.2200e-05
8.2171e-05
8.2168e-05
8.2148e-05
8.2146e-05
8.2139e-05
8.2134e-05
8.2123e-05
8.2095e-05
8.2087e-05
8.2065e-05
8.2051e-05
8.2013e-05
8.2013e-05
8.2010e-05
8.2005e-05
8.1996e-05
8.1993e-05
8.1986e-05
8.1983e-05
8.1975e-05
8.1875e-05
8.1852e-05
8.1810e-05
8.1808e-05
8.1807e-05
8.1805e-05
8.1797e-05
8.1796e-05
8.1776e-05
8.1776e-05
8.1775e-05
8.1754e-05
8.1746e-05
8.1744e-05
8.1741e-05
8.1737e-05
8.1716e-05
8.1708e-05
8.1708e-05
8.1702e-05
8.1701e-05
8.1682e-05
8.1678e-05
8.1674e-05
8.1669e-05
8.1668e-05
8.1667e-05
8.1662e-05
8.1662e-05
8.1659e-05
8.1658e-05
8.1646e-05
8.1631e-05
8.1628e-05
8.1621e-05
8.1618e-05
8.1614e-05
8.1613e-05
8.1587e-05
8.1585e-05
8.1574e-05
8.1574e-05
8.1572e-05
8.1562e-05
8.1554e-05
8.1553e-05
8.1552e-05
8.1536e-05
8.1520e-05
8.1508e-05
8.1497e-05
8.1460e-05
8.1448e-05
8.1442e-05
8.1439e-05
8.1429e-05
8.1426e-05
8.1404e-05
8.1388e-05
8.1382e-05
8.1378e-05
8.1359e-05
8.1340e-05
8.1337e-05
8.1329e-05
8.1315e-05
8.1294e-05
8.1293e-05
8.1293e-05
8.1285e-05
8.1279e-05
8.1271e-05
8.1264e-05
8.1264e-05
8.1252e-05
8.1244e-05
8.1223e-05
8.1218e-05
8.1217e-05
8.1209e-05
8.1164e-05
8.1162e-05
8.1162e-05
8.1141e-05
8.1141e-05
8.1140e-05
8.1138e-05
8.1134e-05
8.1122e-05
8.1117e-05
8.1117e-05
8.1103e-05
8.1102e-05
8.1102e-05
8.1096e-05
8.1089e-05
8.1085e-05
8.1083e-05
8.1075e-05
8.1074e-05
8.1063e-05
8.1017e-05
8.1003e-05
8.1001e-05
8.1000e-05
8.0987e-05
8.0982e-05
8.0965e-05
8.0962e-05
8.0958e-05
8.0947e-05
8.0947e-05
8.0940e-05
8.0939e-05
8.0933e-05
8.0913e-05
8.0911e-05
8.0909e-05
8.0900e-05
8.0892e-05
8.0886e-05
8.0879e-05
8.0821e-05
8.0809e-05
8.0789e-05
8.0776e-05
8.0748e-05
8.0737e-05
8.0734e-05
8.0719e-05
8.0713e-05
8.0689e-05
8.0669e-05
8.0661e-05
8.0648e-05
8.0646e-05
8.0634e-05
8.0613e-05
8.0610e-05
8.0599e-05
8.0594e-05
8.0588e-05
8.0581e-05
8.0564e-05
8.0562e-05
8.0562e-05
8.0559e-05
8.0549e-05
8.0538e-05
8.0525e-05
8.0518e-05
8.0516e-05
8.0507e-05
8.0505e-05
8.0487e-05
8.0485e-05
8.0483e-05
8.0463e-05
8.0457e-05
8.0444e-05
8.0408e-05
8.0402e-05
8.0392e-05
8.0391e-05
8.0388e-05
8.0370e-05
8.0365e-05
8.0349e-05
8.0345e-05
8.0334e-05
8.0321e-05
8.0319e-05
8.0309e-05
8.0304e-05
8.0298e-05
8.0278e-05
8.0249e-05
8.0241e-05
8.0214e-05
8.0212e-05
8.0189e-05
8.0181e-05
8.0173e-05
8.0168e-05
8.0165e-05
8.0158e-05
8.0156e-05
8.0151e-05
8.0150e-05
8.0137e-05
8.0118e-05
8.0104e-05
8.0103e-05
8.0099e-05
8.0073e-05
8.0063e-05
8.0062e-05
8.0046e-05
8.0045e-05
8.0039e-05
8.0010e-05
8.0004e-05
8.0004e-05
7.9991e-05
7.9990e-05
7.9989e-05
7.9985e-05
7.9976e-05
7.9971e-05
7.9968e-05
7.9959e-05
7.9950e-05
7.9948e-05
7.9945e-05
7.9945e-05
7.9943e-05
7.9914e-05
7.9887e-05
7.9886e-05
7.9881e-05
7.9881e-05
7.9869e-05
7.9868e-05
7.9863e-05
7.9848e-05
7.9841e-05
7.9838e-05
7.9838e-05
7.9838e-05
7.9826e-05
7.9806e-05
7.9794e-05
7.9772e-05
7.9759e-05
7.9757e-05
7.9755e-05
7.9755e-05
7.9734e-05
7.9734e-05
7.9721e-05
7.9714e-05
7.9704e-05
7.9697e-05
7.9686e-05
7.9685e-05
7.9680e-05
7.9679e-05
7.9670e-05
7.9654e-05
7.9641e-05
7.9628e-05
7.9627e-05
7.9598e-05
7.9564e-05
7.9555e-05
7.9533e-05
7.9531e-05
7.9529e-05
7.9513e-05
7.9509e-05
7.9502e-05
7.9496e-05
7.9495e-05
7.9493e-05
7.9489e-05
7.9482e-05
7.9471e-05
7.9469e-05
7.9460e-05
7.9454e-05
7.9439e-05
7.9437e-05
7.9427e-05
7.9407e-05
7.9400e-05
7.9378e-05
7.9377e-05
7.9370e-05
7.9370e-05
7.9370e-05
7.9369e-05
7.9363e-05
7.9361e-05
7.9348e-05
7.9326e-05
7.9318e-05
7.9314e-05
7.9311e-05
7.9304e-05
7.9299e-05
7.9286e-05
7.9286e-05
7.9278e-05
7.9263e-05
7.9253e-05
7.9226e-05
7.9225e-05
7.9214e-05
7.9208e-05
7.9207e-05
7.9201e-05
7.9200e-05
7.9193e-05
7.9193e-05
7.9166e-05
7.9162e-05
7.9160e-05
7.9155e-05
7.9136e-05
7.9130e-05
7.9126e-05
7.9123e-05
7.9122e-05
7.9119e-05
7.9089e-05
7.9088e-05
7.9068e-05
7.9054e-05
7.9052e-05
7.9052e-05
7.9044e-05
7.9029e-05
7.9028e-05
7.9026e-05
7.9010e-05
7.9003e-05
7.8997e-05
7.8988e-05
7.8976e-05
7.8961e-05
7.8949e-05
7.8946e-05
7.8940e-05
7.8933e-05
7.8903e-05
7.8900e-05
7.8882e-05
7.8875e-05
7.8865e-05
7.8862e-05
7.8854e-05
7.8853e-05
7.8853e-05
7.8853e-05
7.8850e-05
7.8844e-05
7.8841e-05
7.8834e-05
7.8826e-05
7.8819e-05
7.8811e-05
7.8803e-05
7.8801e-05
7.8783e-05
7.8768e-05
7.8766e-05
7.8766e-05
7.8765e-05
7.8760e-05
7.8759e-05
7.8758e-05
7.8746e-05
7.8731e-05
7.8711e-05
7.8710e-05
7.8704e-05
7.8673e-05
7.8671e-05
7.8651e-05
7.8651e-05
7.8648e-05
7.8646e-05
7.8639e-05
7.8631e-05
7.8631e-05
7.8629e-05
7.8625e-05
7.8620e-05
7.8603e-05
7.8594e-05
7.8575e-05
7.8573e-05
7.8559e-05
7.8557e-05
7.8556e-05
7.8556e-05
7.8554e-05
7.8552e-05
7.8540e-05
7.8540e-05
7.8519e-05
7.8511e-05
7.8503e-05
7.8485e-05
7.8484e-05
7.8481e-05
7.8459e-05
7.8459e-05
7.8457e-05
7.8457e-05
7.8451e-05
7.8444e-05
7.8431e-05
7.8428e-05
7.8428e-05
7.8427e-05
7.8391e-05
7.8375e-05
7.8371e-05
7.8367e-05
7.8362e-05
7.8354e-05
7.8350e-05
7.8350e-05
7.8349e-05
7.8328e-05
7.8322e-05
7.8317e-05
7.8314e-05
7.8306e-05
7.8304e-05
7.8301e-05
7.8299e-05
7.8295e-05
7.8272e-05
7.8262e-05
7.8261e-05
7.8219e-05
7.8206e-05
7.8205e-05
7.8203e-05
7.8193e-05
7.8190e-05
7.8184e-05
7.8182e-05
7.8175e-05
7.8162e-05
7.8145e-05
7.8125e-05
7.8118e-05
7.8116e-05
7.8116e-05
7.8110e-05
7.8103e-05
7.8090e-05
7.8081e-05
7.8061e-05
7.8060e-05
7.8058e-05
7.8034e-05
7.8030e-05
7.8027e-05
7.8018e-05
7.8001e-05
7.7993e-05
7.7992e-05
7.7979e-05
7.7978e-05
7.7975e-05
7.7966e-05
7.7939e-05
7.7919e-05
7.7916e-05
7.7909e-05
7.7900e-05
7.7897e-05
7.7892e-05
7.7890e-05
7.7866e-05
7.7837e-05
7.7823e-05
7.7819e-05
7.7808e-05
7.7802e-05
7.7800e-05
7.7800e-05
7.7797e-05
7.7796e-05
7.7795e-05
7.7781e-05
7.7773e-05
7.7766e-05
7.7757e-05
7.7757e-05
7.7743e-05
7.7733e-05
7.7726e-05
7.7724e-05
7.7724e-05
7.7723e-05
7.7714e-05
7.7704e-05
7.7704e-05
7.7696e-05
7.7687e-05
7.7682e-05
7.7680e-05
7.7677e-05
7.7650e-05
7.7646e-05
7.7636e-05
7.7630e-05
7.7624e-05
7.7623e-05
7.7610e-05
7.7607e-05
7.7602e-05
7.7593e-05
7.7578e-05
7.7568e-05
7.7559e-05
7.7558e-05
7.7538e-05
7.7536e-05
7.7532e-05
7.7530e-05
7.7523e-05
7.7520e-05
7.7517e-05
7.7503e-05
7.7498e-05
7.7497e-05
7.7486e-05
7.7477e-05
7.7475e-05
7.7475e-05
7.7472e-05
7.7465e-05
7.7463e-05
7.7463e-05
7.7453e-05
7.7451e-05
7.7448e-05
7.7445e-05
7.7444e-05
7.7442e-05
7.7435e-05
7.7434e-05
7.7410e-05
7.7403e-05
7.7398e-05
7.7394e-05
7.7390e-05
7.7388e-05
7.7387e-05
7.7377e-05
7.7373e-05
7.7369e-05
7.7358e-05
7.7356e-05
7.7326e-05
7.7325e-05
7.7314e-05
7.7313e-05
7.7299e-05
7.7299e-05
7.7292e-05
7.7285e-05
7.7283e-05
7.7278e-05
7.7275e-05
7.7271e-05
7.7265e-05
7.7252e-05
7.7250e-05
7.7245e-05
7.7236e-05
7.7235e-05
7.7235e-05
7.7231e-05
7.7225e-05
7.7215e-05
7.7211e-05
7.7206e-05
7.7198e-05
7.7195e-05
7.7194e-05
7.7188e-05
7.7185e-05
7.7184e-05
7.7158e-05
7.7145e-05
7.7142e-05
7.7137e-05
7.7122e-05
7.7122e-05
7.7111e-05
7.7111e-05
7.7110e-05
7.7104e-05
7.7096e-05
7.7096e-05
7.7074e-05
7.7074e-05
7.7040e-05
7.7026e-05
7.7013e-05
7.7010e-05
7.7002e-05
7.6998e-05
7.6997e-05
7.6985e-05
7.6983e-05
7.6977e-05
7.6977e-05
7.6976e-05
7.6965e-05
7.6962e-05
7.6961e-05
7.6956e-05
7.6955e-05
7.6952e-05
7.6951e-05
7.6941e-05
7.6940e-05
7.6936e-05
7.6930e-05
7.6924e-05
7.6908e-05
7.6900e-05
7.6897e-05
7.6896e-05
7.6892e-05
7.6891e-05
7.6891e-05
7.6890e-05
7.6888e-05
7.6887e-05
7.6875e-05
7.6874e-05
7.6859e-05
7.6858e-05
7.6851e-05
7.6848e-05
7.6827e-05
7.6818e-05
7.6796e-05
7.6786e-05
7.6780e-05
7.6772e-05
7.6771e-05
7.6762e-05
7.6759e-05
7.6749e-05
7.6749e-05
7.6747e-05
7.6744e-05
7.6737e-05
7.6735e-05
7.6727e-05
7.6725e-05
7.6706e-05
7.6690e-05
7.6687e-05
7.6681e-05
7.6675e-05
7.6670e-05
7.6663e-05
7.6657e-05
7.6646e-05
7.6635e-05
7.6631e-05
7.6625e-05
7.6625e-05
7.6606e-05
7.6605e-05
7.6576e-05
7.6575e-05
7.6575e-05
7.6573e-05
7.6559e-05
7.6558e-05
7.6543e-05
7.6536e-05
7.6532e-05
7.6530e-05
7.6521e-05
7.6520e-05
7.6520e-05
7.6512e-05
7.6509e-05
7.6499e-05
7.6499e-05
7.6496e-05
7.6487e-05
7.6472e-05
7.6470e-05
7.6454e-05
7.6452e-05
7.6441e-05
7.6440e-05
7.6440e-05
7.6426e-05
7.6419e-05
7.6414e-05
7.6411e-05
7.6409e-05
7.6402e-05
7.6394e-05
7.6392e-05
7.6391e-05
7.6390e-05
7.6388e-05
7.6384e-05
7.6383e-05
7.6382e-05
7.6378e-05
7.6376e-05
7.6367e-05
7.6367e-05
7.6365e-05
7.6364e-05
7.6362e-05
7.6357e-05
7.6334e-05
7.6330e-05
7.6327e-05
7.6321e-05
7.6302e-05
7.6300e-05
7.6295e-05
7.6294e-05
7.6292e-05
7.6290e-05
7.6286e-05
7.6282e-05
7.6280e-05
7.6278e-05
7.6278e-05
7.6271e-05
7.6266e-05
7.6265e-05
7.6259e-05
7.6245e-05
7.6239e-05
7.6236e-05
7.6219e-05
7.6218e-05
7.6218e-05
7.6207e-05
7.6204e-05
7.6197e-05
7.6194e-05
7.6194e-05
7.6186e-05
7.6167e-05
7.6167e-05
7.6165e-05
7.6165e-05
7.6152e-05
7.6151e-05
7.6150e-05
7.6140e-05
7.6133e-05
7.6133e-05
7.6129e-05
7.6116e-05
7.6114e-05
7.6114e-05
7.6107e-05
7.6103e-05
7.6086e-05
7.6056e-05
7.6050e-05
7.6041e-05
7.6038e-05
7.6036e-05
7.6031e-05
7.6026e-05
7.6022e-05
7.6017e-05
7.6001e-05
7.5992e-05
7.5968e-05
7.5962e-05
7.5950e-05
7.5944e-05
7.5942e-05
7.5942e-05
7.5942e-05
7.5935e-05
7.5933e-05
7.5933e-05
7.5927e-05
7.5924e-05
7.5921e-05
7.5915e-05
7.5912e-05
7.5911e-05
7.5911e-05
7.5909e-05
7.5909e-05
7.5905e-05
7.5897e-05
7.5893e-05
7.5893e-05
7.5888e-05
7.5885e-05
7.5884e-05
7.5882e-05
7.5879e-05
7.5878e-05
7.5876e-05
7.5854e-05
7.5846e-05
7.5845e-05
7.5834e-05
7.5834e-05
7.5833e-05
7.5829e-05
7.5822e-05
7.5813e-05
7.5809e-05
7.5807e-05
7.5807e-05
7.5802e-05
7.5797e-05
7.5794e-05
7.5792e-05
7.5778e-05
7.5773e-05
7.5772e-05
7.5759e-05
7.5753e-05
7.5752e-05
7.5747e-05
7.5738e-05
7.5736e-05
7.5726e-05
7.5723e-05
7.5716e-05
7.5713e-05
7.5701e-05
7.5695e-05
7.5692e-05
7.5685e-05
7.5684e-05
7.5684e-05
7.5671e-05
7.5670e-05
7.5661e-05
7.5652e-05
7.5651e-05
7.5647e-05
7.5633e-05
7.5626e-05
7.5613e-05
7.5607e-05
7.5599e-05
7.5598e-05
7.5592e-05
7.5591e-05
7.5590e-05
7.5586e-05
7.5583e-05
7.5576e-05
7.5568e-05
7.5567e-05
7.5548e-05
7.5540e-05
7.5539e-05
7.5534e-05
7.5524e-05
7.5521e-05
7.5520e-05
7.5517e-05
7.5515e-05
7.5510e-05
7.5506e-05
7.5505e-05
7.5495e-05
7.5489e-05
7.5485e-05
7.5483e-05
7.5478e-05
7.5470e-05
7.5467e-05
7.5466e-05
7.5461e-05
7.5459e-05
7.5459e-05
7.5452e-05
7.5444e-05
7.5432e-05
7.5419e-05
7.5417e-05
7.5406e-05
7.5405e-05
7.5402e-05
7.5394e-05
7.5393e-05
7.5386e-05
7.5383e-05
7.5369e-05
7.5368e-05
7.5363e-05
7.5360e-05
7.5348e-05
7.5342e-05
7.5323e-05
7.5322e-05
7.5313e-05
7.5311e-05
7.5304e-05
7.5286e-05
7.5282e-05
7.5282e-05
7.5279e-05
7.5276e-05
7.5267e-05
7.5258e-05
7.5258e-05
7.5247e-05
7.5246e-05
7.5245e-05
7.5243e-05
7.5241e-05
7.5241e-05
7.5237e-05
7.5235e-05
7.5234e-05
7.5232e-05
7.5229e-05
7.5227e-05
7.5227e-05
7.5217e-05
7.5217e-05
7.5215e-05
7.5209e-05
7.5208e-05
7.5207e-05
7.5205e-05
7.5205e-05
7.5203e-05
7.5202e-05
7.5197e-05
7.5197e-05
7.5191e-05
7.5179e-05
7.5167e-05
7.5148e-05
7.5122e-05
7.5116e-05
7.5115e-05
7.5111e-05
7.5107e-05
7.5104e-05
7.5100e-05
7.5087e-05
7.5076e-05
7.5074e-05
7.5074e-05
7.5073e-05
7.5072e-05
7.5071e-05
7.5062e-05
7.5062e-05
7.5059e-05
7.5052e-05
7.5052e-05
7.5050e-05
7.5048e-05
7.5039e-05
7.5033e-05
7.5026e-05
7.5009e-05
7.5004e-05
7.4999e-05
7.4998e-05
7.4997e-05
7.4986e-05
7.4983e-05
7.4978e-05
7.4966e-05
7.4959e-05
7.4957e-05
7.4950e-05
7.4941e-05
7.4934e-05
7.4924e-05
7.4915e-05
7.4909e-05
7.4907e-05
7.4907e-05
7.4905e-05
7.4902e-05
7.4898e-05
7.4898e-05
7.4891e-05
7.4890e-05
7.4889e-05
7.4878e-05
7.4873e-05
7.4866e-05
7.4865e-05
7.4858e-05
7.4858e-05
7.4855e-05
7.4826e-05
7.4821e-05
7.4803e-05
7.4803e-05
7.4800e-05
7.4799e-05
7.4798e-05
7.4798e-05
7.4793e-05
7.4783e-05
7.4771e-05
7.4770e-05
7.4751e-05
7.4750e-05
7.4731e-05
7.4725e-05
7.4714e-05
7.4714e-05
7.4709e-05
7.4709e-05
7.4703e-05
7.4695e-05
7.4691e-05
7.4690e-05
7.4690e-05
7.4677e-05
7.4669e-05
7.4654e-05
7.4650e-05
7.4649e-05
7.4648e-05
7.4622e-05
7.4619e-05
7.4617e-05
7.4613e-05
7.4613e-05
7.4613e-05
7.4610e-05
7.4600e-05
7.4588e-05
7.4586e-05
7.4584e-05
7.4581e-05
7.4579e-05
7.4579e-05
7.4577e-05
7.4564e-05
7.4563e-05
7.4553e-05
7.4548e-05
7.4522e-05
7.4517e-05
7.4516e-05
7.4514e-05
7.4509e-05
7.4507e-05
7.4506e-05
7.4504e-05
7.4499e-05
7.4497e-05
7.4492e-05
7.4492e-05
7.4491e-05
7.4491e-05
7.4482e-05
7.4469e-05
7.4466e-05
7.4452e-05
7.4450e-05
7.4450e-05
7.4446e-05
7.4444e-05
7.4419e-05
7.4397e-05
7.4397e-05
7.4391e-05
7.4383e-05
7.4380e-05
7.4376e-05
7.4368e-05
7.4366e-05
7.4366e-05
7.4360e-05
7.4350e-05
7.4349e-05
7.4349e-05
7.4347e-05
7.4343e-05
7.4342e-05
7.4341e-05
7.4335e-05
7.4327e-05
7.4324e-05
7.4321e-05
7.4299e-05
7.4295e-05
7.4286e-05
7.4282e-05
7.4280e-05
7.4278e-05
7.4276e-05
7.4272e-05
7.4268e-05
7.4266e-05
7.4256e-05
7.4245e-05
7.4241e-05
7.4229e-05
7.4223e-05
7.4191e-05
7.4187e-05
7.4187e-05
7.4180e-05
7.4174e-05
7.4158e-05
7.4149e-05
7.4143e-05
7.4142e-05
7.4140e-05
7.4129e-05
7.4110e-05
7.4107e-05
7.4098e-05
7.4096e-05
7.4095e-05
7.4089e-05
7.4076e-05
7.4065e-05
7.4064e-05
7.4060e-05
7.4047e-05
7.4034e-05
7.4025e-05
7.4010e-05
7.3994e-05
7.3990e-05
7.3989e-05
7.3981e-05
7.3973e-05
7.3972e-05
7.3970e-05
7.3968e-05
7.3967e-05
7.3944e-05
7.3942e-05
7.3933e-05
7.3900e-05
7.3892e-05
7.3885e-05
7.3882e-05
7.3880e-05
7.3869e-05
7.3869e-05
7.3866e-05
7.3863e-05
7.3858e-05
7.3852e-05
7.3832e-05
7.3828e-05
7.3825e-05
7.3822e-05
7.3821e-05
7.3809e-05
7.3804e-05
7.3803e-05
7.3801e-05
7.3800e-05
7.3795e-05
7.3794e-05
7.3778e-05
7.3777e-05
7.3772e-05
7.3767e-05
7.3766e-05
7.3759e-05
7.3752e-05
7.3749e-05
7.3740e-05
7.3737e-05
7.3735e-05
7.3733e-05
7.3723e-05
7.3720e-05
7.3701e-05
7.3695e-05
7.3694e-05
7.3689e-05
7.3679e-05
7.3677e-05
7.3670e-05
7.3663e-05
7.3641e-05
7.3636e-05
7.3632e-05
7.3620e-05
7.3612e-05
7.3609e-05
7.3604e-05
7.3599e-05
7.3568e-05
7.3547e-05
7.3542e-05
7.3511e-05
7.3510e-05
7.3509e-05
7.3507e-05
7.3505e-05
7.3503e-05
7.3500e-05
7.3497e-05
7.3497e-05
7.3495e-05
7.3491e-05
7.3488e-05
7.3486e-05
7.3483e-05
7.3482e-05
7.3476e-05
7.3465e-05
7.3433e-05
7.3431e-05
7.3422e-05
7.3418e-05
7.3407e-05
7.3406e-05
7.3403e-05
7.3401e-05
7.3397e-05
7.3395e-05
7.3364e-05
7.3363e-05
7.3345e-05
7.3338e-05
7.3331e-05
7.3319e-05
7.3316e-05
7.3316e-05
7.3312e-05
7.3306e-05
7.3305e-05
7.3302e-05
7.3295e-05
7.3290e-05
7.3280e-05
7.3276e-05
7.3271e-05
7.3265e-05
7.3258e-05
7.3257e-05
7.3257e-05
7.3239e-05
7.3209e-05
7.3207e-05
7.3205e-05
7.3195e-05
7.3187e-05
7.3175e-05
7.3175e-05
7.3175e-05
7.3172e-05
7.3170e-05
7.3161e-05
7.3157e-05
7.3145e-05
7.3143e-05
7.3138e-05
7.3136e-05
7.3114e-05
7.3110e-05
7.3107e-05
7.3103e-05
7.3102e-05
7.3101e-05
7.3096e-05
7.3091e-05
7.3088e-05
7.3085e-05
7.3083e-05
7.3076e-05
7.3064e-05
7.3053e-05
7.3051e-05
7.3032e-05
7.3024e-05
7.3015e-05
7.3005e-05
7.3004e-05
7.3001e-05
7.2996e-05
7.2995e-05
7.2990e-05
7.2989e-05
7.2988e-05
7.2986e-05
7.2984e-05
7.2975e-05
7.2962e-05
7.2962e-05
7.2956e-05
7.2954e-05
7.2950e-05
7.2947e-05
7.2938e-05
7.2933e-05
7.2920e-05
7.2915e-05
7.2912e-05
7.2907e-05
7.2889e-05
7.2887e-05
7.2862e-05
7.2854e-05
7.2845e-05
7.2843e-05
7.2841e-05
7.2810e-05
7.2809e-05
7.2807e-05
7.2807e-05
7.2784e-05
7.2775e-05
7.2770e-05
7.2757e-05
7.2739e-05
7.2719e-05
7.2703e-05
7.2699e-05
7.2698e-05
7.2696e-05
7.2693e-05
7.2691e-05
7.2688e-05
7.2681e-05
7.2680e-05
7.2674e-05
7.2673e-05
7.2663e-05
7.2663e-05
7.2658e-05
7.2650e-05
7.2646e-05
7.2643e-05
7.2639e-05
7.2635e-05
7.2629e-05
7.2620e-05
7.2595e-05
7.2579e-05
7.2570e-05
7.2564e-05
7.2561e-05
7.2559e-05
7.2552e-05
7.2545e-05
7.2542e-05
7.2541e-05
7.2514e-05
7.2511e-05
7.2510e-05
7.2500e-05
7.2489e-05
7.2485e-05
7.2479e-05
7.2477e-05
7.2450e-05
7.2441e-05
7.2435e-05
7.2432e-05
7.2431e-05
7.2424e-05
7.2414e-05
7.2408e-05
7.2379e-05
7.2364e-05
7.2355e-05
7.2353e-05
7.2351e-05
7.2349e-05
7.2348e-05
7.2345e-05
7.2343e-05
7.2342e-05
7.2338e-05
7.2320e-05
7.2289e-05
7.2274e-05
7.2267e-05
7.2262e-05
7.2252e-05
7.2243e-05
7.2239e-05
7.2222e-05
7.2220e-05
7.2215e-05
7.2205e-05
7.2202e-05
7.2179e-05
7.2170e-05
7.2158e-05
7.2144e-05
7.2143e-05
7.2142e-05
7.2122e-05
7.2114e-05
7.2104e-05
7.2102e-05
7.2099e-05
7.2092e-05
7.2087e-05
7.2076e-05
7.2060e-05
7.2054e-05
7.2036e-05
7.2027e-05
7.2027e-05
7.1997e-05
7.1978e-05
7.1975e-05
7.1965e-05
7.1956e-05
7.1955e-05
7.1955e-05
7.1948e-05
7.1945e-05
7.1922e-05
7.1921e-05
7.1919e-05
7.1903e-05
7.1881e-05
7.1878e-05
7.1872e-05
7.1868e-05
7.1862e-05
7.1856e-05
7.1853e-05
7.1841e-05
7.1834e-05
7.1825e-05
7.1811e-05
7.1797e-05
7.1794e-05
7.1787e-05
7.1784e-05
7.1777e-05
7.1775e-05
7.1763e-05
7.1762e-05
7.1758e-05
7.1736e-05
7.1733e-05
7.1731e-05
7.1730e-05
7.1724e-05
7.1724e-05
7.1693e-05
7.1679e-05
7.1675e-05
7.1667e-05
7.1664e-05
7.1655e-05
7.1653e-05
7.1653e-05
7.1650e-05
7.1648e-05
7.1640e-05
7.1624e-05
7.1622e-05
7.1616e-05
7.1614e-05
7.1596e-05
7.1594e-05
7.1592e-05
7.1589e-05
7.1577e-05
7.1561e-05
7.1557e-05
7.1551e-05
7.1543e-05
7.1532e-05
7.1527e-05
7.1526e-05
7.1525e-05
7.1504e-05
7.1499e-05
7.1498e-05
7.1488e-05
7.1485e-05
7.1485e-05
7.1474e-05
7.1472e-05
7.1472e-05
7.1459e-05
7.1455e-05
7.1455e-05
7.1447e-05
7.1444e-05
7.1441e-05
7.1435e-05
7.1412e-05
7.1404e-05
7.1399e-05
7.1387e-05
7.1384e-05
7.1332e-05
7.1324e-05
7.1309e-05
7.1305e-05
7.1304e-05
7.1290e-05
7.1288e-05
7.1282e-05
7.1281e-05
7.1281e-05
7.1267e-05
7.1265e-05
7.1260e-05
7.1260e-05
7.1234e-05
7.1222e-05
7.1222e-05
7.1215e-05
7.1210e-05
7.1204e-05
7.1185e-05
7.1184e-05
7.1172e-05
7.1162e-05
7.1131e-05
7.1117e-05
7.1116e-05
7.1116e-05
7.1114e-05
7.1109e-05
7.1092e-05
7.1072e-05
7.1071e-05
7.1067e-05
7.1063e-05
7.1062e-05
7.1054e-05
7.1042e-05
7.1034e-05
7.1029e-05
7.1023e-05
7.1007e-05
7.0997e-05
7.0987e-05
7.0943e-05
7.0936e-05
7.0927e-05
7.0908e-05
7.0896e-05
7.0896e-05
7.0892e-05
7.0870e-05
7.0852e-05
7.0849e-05
7.0849e-05
7.0823e-05
7.0810e-05
7.0801e-05
7.0776e-05
7.0776e-05
7.0751e-05
7.0747e-05
7.0744e-05
7.0728e-05
7.0711e-05
7.0711e-05
7.0710e-05
7.0708e-05
7.0707e-05
7.0676e-05
7.0657e-05
7.0656e-05
7.0650e-05
7.0611e-05
7.0609e-05
7.0606e-05
7.0600e-05
7.0588e-05
7.0579e-05
7.0571e-05
7.0569e-05
7.0562e-05
7.0553e-05
7.0542e-05
7.0537e-05
7.0532e-05
7.0502e-05
7.0483e-05
7.0473e-05
7.0469e-05
7.0468e-05
7.0464e-05
7.0460e-05
7.0456e-05
7.0452e-05
7.0446e-05
7.0443e-05
7.0422e-05
7.0417e-05
7.0415e-05
7.0414e-05
7.0404e-05
7.0402e-05
7.0398e-05
7.0393e-05
7.0362e-05
7.0342e-05
7.0318e-05
7.0317e-05
7.0312e-05
7.0311e-05
7.0273e-05
7.0256e-05
7.0248e-05
7.0246e-05
7.0244e-05
7.0226e-05
7.0208e-05
7.0202e-05
7.0198e-05
7.0188e-05
7.0174e-05
7.0148e-05
7.0146e-05
7.0123e-05
7.0122e-05
7.0115e-05
7.0085e-05
7.0067e-05
7.0061e-05
7.0054e-05
7.0017e-05
6.9990e-05
6.9979e-05
6.9956e-05
6.9950e-05
6.9935e-05
6.9932e-05
6.9927e-05
6.9907e-05
6.9905e-05
6.9904e-05
6.9893e-05
6.9866e-05
6.9849e-05
6.9826e-05
6.9821e-05
6.9810e-05
6.9798e-05
6.9783e-05
6.9776e-05
6.9761e-05
6.9759e-05
6.9753e-05
6.9750e-05
6.9726e-05
6.9720e-05
6.9707e-05
6.9669e-05
6.9668e-05
6.9658e-05
6.9628e-05
6.9599e-05
6.9588e-05
6.9585e-05
6.9578e-05
6.9563e-05
6.9557e-05
6.9556e-05
6.9550e-05
6.9546e-05
6.9536e-05
6.9536e-05
6.9530e-05
6.9515e-05
6.9504e-05
6.9503e-05
6.9480e-05
6.9478e-05
6.9471e-05
6.9468e-05
6.9463e-05
6.9452e-05
6.9425e-05
6.9407e-05
6.9404e-05
6.9386e-05
6.9355e-05
6.9349e-05
6.9346e-05
6.9343e-05
6.9334e-05
6.9323e-05
6.9307e-05
6.9296e-05
6.9274e-05
6.9232e-05
6.9223e-05
6.9221e-05
6.9184e-05
6.9183e-05
6.9175e-05
6.9162e-05
6.9160e-05
6.9136e-05
6.9136e-05
6.9134e-05
6.9132e-05
6.9116e-05
6.9104e-05
6.9099e-05
6.9066e-05
6.9062e-05
6.9061e-05
6.9059e-05
6.9055e-05
6.9029e-05
6.9021e-05
6.9018e-05
6.8983e-05
6.8963e-05
6.8930e-05
6.8906e-05
6.8883e-05
6.8878e-05
6.8860e-05
6.8845e-05
6.8820e-05
6.8797e-05
6.8788e-05
6.8773e-05
6.8740e-05
6.8698e-05
6.8696e-05
6.8669e-05
6.8669e-05
6.8646e-05
6.8641e-05
6.8612e-05
6.8575e-05
6.8566e-05
6.8545e-05
6.8491e-05
6.8487e-05
6.8471e-05
6.8464e-05
6.8397e-05
6.8364e-05
6.8355e-05
6.8332e-05
6.8291e-05
6.8271e-05
6.8269e-05
6.8268e-05
6.8260e-05
6.8251e-05
6.8213e-05
6.8202e-05
6.8136e-05
6.8133e-05
6.8129e-05
6.8115e-05
6.8109e-05
6.8034e-05
6.7972e-05
6.7926e-05
6.7922e-05
6.7904e-05
6.7822e-05
6.7775e-05
6.7751e-05
6.7709e-05
6.7670e-05
6.7565e-05
6.7539e-05
6.7507e-05
6.7478e-05
6.7474e-05
6.7458e-05
6.7437e-05
6.7434e-05
6.7407e-05
6.7369e-05
6.7268e-05
6.7254e-05
6.7078e-05
6.7003e-05
6.6964e-05
6.6940e-05
6.6895e-05
6.6881e-05
6.6833e-05
6.6826e-05
6.6752e-05
6.6685e-05
6.6633e-05
6.6617e-05
6.6603e-05
6.6586e-05
6.6447e-05
6.6423e-05
6.6385e-05
6.6384e-05
6.6214e-05
6.6144e-05
6.6143e-05
6.6068e-05
6.6042e-05
6.5926e-05
6.5833e-05
6.5803e-05
6.5676e-05
6.5647e-05
6.5485e-05
6.5297e-05
6.5288e-05
6.5210e-05
6.5129e-05
6.5092e-05
6.5060e-05
6.5038e-05
6.5035e-05
6.5018e-05
6.4813e-05
6.4541e-05
6.4201e-05
6.4162e-05
6.3498e-05
6.2897e-05
6.1072e-05
6.0642e-05
